2930
261 474 1062 1104 1333 1544 1742 2217 2438 2631 
90 413 682 928 1320 1615 1795 2054 2130 2329 
158 434 821 909 928 1471 1590 1928 2324 2384 
4 126 769 858 1280 1415 1707 1863 2323 2412 
228 509 724 810 1107 1238 1856 1916 2238 2325 
62 196 731 1062 1113 1469 1593 1927 2298 2619 
214 374 600 931 1330 1642 1751 2032 2226 2591 
91 302 694 786 964 1536 1684 1783 2218 2622 
190 323 737 1005 1011 1447 1672 1864 2263 2445 
0 380 586 996 1204 1512 1558 1811 2466 2550 
85 442 623 988 1469 1520 1660 1969 2139 2758 
0 557 654 795 946 1376 1712 1741 2205 2393 
93 477 558 1104 1206 1548 1608 2032 2054 2493 
93 405 666 737 786 1339 1686 2010 2177 2441 
191 383 778 891 1115 1418 1831 1901 2237 2263 
0 566 634 798 1245 1246 1495 1672 2289 2386 
193 261 810 1113 1197 1356 1861 2077 2163 2472 
237 308 479 1089 1185 1705 1750 2163 2241 2366 
77 541 909 1011 1399 1445 1783 2049 2143 2694 
210 229 857 1145 1184 1566 1646 1888 2275 2553 
81 587 638 886 1520 1578 1623 1889 2110 2321 
85 556 955 1197 1257 1550 1911 1938 2119 2550 
238 370 434 664 1317 1469 1800 2168 2406 2798 
0 433 522 645 1327 1456 1611 1779 2340 2455 
254 382 727 870 1384 1463 1741 2119 2217 2820 
276 370 1021 1062 1280 1530 1839 2113 2475 2559 
0 432 930 996 1178 1364 1488 1983 2181 2559 
0 300 541 638 1143 1533 1674 1849 1928 2776 
91 293 552 725 1054 1329 1410 1488 2241 2278 
0 431 505 1132 1273 1335 1591 1706 1822 2785 
49 490 889 955 1115 1174 1557 1951 2204 2603 
264 333 596 1113 1245 1378 1685 1775 2412 2475 
78 449 968 1086 1335 1376 1630 1956 2249 2719 
171 389 504 1120 1175 1403 1587 1959 2059 2354 
111 538 737 831 971 1401 1572 2001 2137 2216 
137 517 676 1175 1349 1483 1615 1783 2244 2464 
0 196 546 912 1165 1788 1831 1956 2060 2865 
333 505 664 778 1246 1483 1871 1916 2164 2645 
81 361 625 1031 1087 1419 1586 2118 2227 2320 
211 530 538 816 1254 1501 1888 1951 2077 2237 
106 361 624 1055 1089 1506 1519 1950 2205 2502 
52 436 509 1259 1307 1384 1719 2102 2312 2406 
334 455 817 886 1235 1384 1831 1989 2032 2474 
7 634 694 860 1013 1713 1788 2069 2110 2527 
191 254 411 427 1288 1334 1512 1724 2320 2605 
0 382 485 1034 1445 1469 1490 2038 2278 2702 
244 357 574 831 918 1608 1634 1926 2344 2366 
247 602 609 735 1256 1683 1801 2066 2119 2762 
0 149 609 726 1307 1393 1456 1569 2314 2324 
308 452 583 854 1215 1616 1914 2016 2384 2466 
